Raw Pearson correlation (r) between each PC and each RDKit descriptor.
Rows = principal components, columns = descriptors.

     MaxAbsEStateIndex  MaxEStateIndex  MinAbsEStateIndex  MinEStateIndex     qed     SPS   MolWt  HeavyAtomMolWt  ExactMolWt  NumValenceElectrons  NumRadicalElectrons  BalabanJ  BertzCT  HallKierAlpha  LabuteASA    TPSA  FractionCSP3  HeavyAtomCount  NHOHCount  NOCount  NumAliphaticCarbocycles  NumAliphaticHeterocycles  NumAliphaticRings  NumAromaticCarbocycles  NumAromaticHeterocycles  NumAromaticRings  NumHAcceptors  NumHDonors  NumHeteroatoms  NumRotatableBonds  NumSaturatedCarbocycles  NumSaturatedHeterocycles  NumSaturatedRings  RingCount  MolLogP
PC1            -0.3520         -0.3520             0.2716          0.1364  0.5234 -0.1984 -0.8007         -0.7955     -0.8010              -0.8156                  NaN    0.5516  -0.7821         0.6402    -0.8327 -0.5555       -0.1163         -0.8358    -0.4281  -0.6080                  -0.2175                   -0.3706            -0.3691                 -0.3115                  -0.1569           -0.3434        -0.5755     -0.4376         -0.5648            -0.5482                  -0.1876                   -0.3101            -0.3067    -0.6005  -0.3003
PC2             0.0111          0.0111            -0.0767          0.0448 -0.3515  0.6531  0.2944          0.2605      0.2948               0.3667                  NaN    0.0289   0.0158         0.2716     0.3222  0.2572        0.6464          0.3043     0.3065   0.1913                   0.5512                    0.2384             0.5221                 -0.3717                  -0.4044           -0.5289         0.2204      0.3235          0.0981             0.3095                   0.5385                    0.3137             0.5457     0.0903   0.0050
PC3            -0.1130         -0.1130             0.2462         -0.0276 -0.0839 -0.4119  0.0068          0.0145      0.0067              -0.0235                  NaN    0.0165   0.1428        -0.2284     0.0307 -0.2690       -0.5059          0.0243    -0.2353  -0.2744                  -0.2484                   -0.2947            -0.3458                  0.5805                  -0.0410            0.4572        -0.2536     -0.2323         -0.2350             0.0949                  -0.2327                   -0.2761            -0.3174     0.0202   0.4314
PC4            -0.0858         -0.0858             0.0521         -0.0279 -0.0915 -0.1192  0.0015         -0.0123      0.0015               0.0256                  NaN    0.1657  -0.2111         0.2384    -0.0109  0.0598        0.2151         -0.0207     0.0774   0.0480                  -0.1366                   -0.0551            -0.1270                 -0.2011                  -0.1542           -0.2507         0.0567      0.0876          0.0450             0.3898                  -0.0691                    0.0753            -0.0029    -0.3058  -0.0429
PC5            -0.0054         -0.0054            -0.0565          0.0321  0.1287 -0.0591 -0.1443         -0.1549     -0.1442              -0.1196                  NaN    0.0311  -0.2070         0.0845    -0.1230 -0.1650        0.2338         -0.1309    -0.1363  -0.1351                  -0.1694                    0.0345            -0.0969                 -0.0223                  -0.2478           -0.1543        -0.1916     -0.1456         -0.1687             0.1349                  -0.1723                    0.0049            -0.1135    -0.2056   0.0005
PC6            -0.0736         -0.0736             0.1124         -0.0456 -0.1157 -0.1550  0.0505          0.0528      0.0502               0.0269                  NaN    0.0832   0.0590        -0.0661     0.0450 -0.0313       -0.1192          0.0356     0.0386  -0.0470                  -0.1592                    0.0129            -0.1026                  0.0027                   0.1711            0.0960        -0.1032      0.0245          0.0103             0.1678                  -0.1827                   -0.0526            -0.1539    -0.0237   0.1667
PC7            -0.0101         -0.0101             0.0258         -0.0045 -0.0680 -0.1091  0.0297          0.0300      0.0297               0.0305                  NaN    0.1976   0.0200        -0.0413     0.0220  0.0750        0.0367          0.0239     0.0441   0.0897                  -0.1367                   -0.0083            -0.0995                 -0.0401                   0.0971            0.0201         0.0909      0.0378          0.0958             0.0858                  -0.1424                   -0.0374            -0.1179    -0.0776  -0.0260
PC8             0.0258          0.0258            -0.0108          0.0009  0.0216 -0.2194  0.0178          0.0201      0.0179               0.0210                  NaN    0.1649  -0.0184        -0.0658     0.0044  0.1828       -0.0922          0.0103     0.1669   0.1831                  -0.2165                   -0.0506            -0.1797                 -0.0773                   0.0925           -0.0132         0.1364      0.1568          0.1706             0.1431                  -0.1792                    0.0246            -0.1067    -0.1772  -0.2346
